(kicad_pcb (version 20160815) (host pcbnew "(2016-12-02 revision 54c5f6b)-makepkg")

  (general
    (links 266)
    (no_connects 0)
    (area 81.28 48.202077 187.375716 155.145001)
    (thickness 1.6)
    (drawings 47)
    (tracks 2374)
    (zones 0)
    (modules 115)
    (nets 118)
  )

  (page A4)
  (layers
    (0 F.Cu signal)
    (31 B.Cu signal)
    (32 B.Adhes user)
    (33 F.Adhes user)
    (34 B.Paste user)
    (35 F.Paste user)
    (36 B.SilkS user)
    (37 F.SilkS user)
    (38 B.Mask user)
    (39 F.Mask user)
    (40 Dwgs.User user)
    (41 Cmts.User user)
    (42 Eco1.User user)
    (43 Eco2.User user)
    (44 Edge.Cuts user)
    (45 Margin user)
    (46 B.CrtYd user)
    (47 F.CrtYd user)
    (48 B.Fab user)
    (49 F.Fab user)
  )

  (setup
    (last_trace_width 0.25)
    (user_trace_width 0.1524)
    (user_trace_width 0.254)
    (user_trace_width 0.508)
    (user_trace_width 0.762)
    (user_trace_width 2.032)
    (trace_clearance 0.1524)
    (zone_clearance 0.508)
    (zone_45_only yes)
    (trace_min 0.1524)
    (segment_width 0.2)
    (edge_width 0.2)
    (via_size 0.8)
    (via_drill 0.4)
    (via_min_size 0.508)
    (via_min_drill 0.3302)
    (user_via 0.508 0.3302)
    (user_via 0.762 0.5842)
    (uvia_size 0.3)
    (uvia_drill 0.1)
    (uvias_allowed no)
    (uvia_min_size 0.2)
    (uvia_min_drill 0.1)
    (pcb_text_width 0.3)
    (pcb_text_size 1.5 1.5)
    (mod_edge_width 0.1016)
    (mod_text_size 0.762 0.762)
    (mod_text_width 0.1016)
    (pad_size 1.524 1.524)
    (pad_drill 0.762)
    (pad_to_mask_clearance 0.0762)
    (aux_axis_origin 0 0)
    (visible_elements 7FFFFFFF)
    (pcbplotparams
      (layerselection 0x0103c_ffffffff)
      (usegerberextensions false)
      (excludeedgelayer true)
      (linewidth 0.100000)
      (plotframeref false)
      (viasonmask false)
      (mode 1)
      (useauxorigin false)
      (hpglpennumber 1)
      (hpglpenspeed 20)
      (hpglpendiameter 15)
      (psnegative false)
      (psa4output false)
      (plotreference true)
      (plotvalue false)
      (plotinvisibletext false)
      (padsonsilk false)
      (subtractmaskfromsilk false)
      (outputformat 4)
      (mirror false)
      (drillshape 0)
      (scaleselection 1)
      (outputdirectory Gerbers/))
  )

  (net 0 "")
  (net 1 GND)
  (net 2 "Net-(BT1-Pad2)")
  (net 3 "Net-(U3-Pad9)")
  (net 4 "Net-(U3-Pad10)")
  (net 5 "Net-(U3-Pad14)")
  (net 6 ~RST)
  (net 7 "Net-(U3-Pad27)")
  (net 8 "Net-(U3-Pad28)")
  (net 9 "Net-(U3-Pad29)")
  (net 10 "Net-(U3-Pad30)")
  (net 11 SWDCLK)
  (net 12 SWDIO)
  (net 13 /UART_TX)
  (net 14 /UART_RX)
  (net 15 /AOUT)
  (net 16 /AMP_~SHDN)
  (net 17 GLED_6)
  (net 18 RLED_6)
  (net 19 GLED_5)
  (net 20 RLED_5)
  (net 21 GLED_4)
  (net 22 RLED_4)
  (net 23 GLED_3)
  (net 24 RLED_3)
  (net 25 GLED_2)
  (net 26 RLED_2)
  (net 27 GLED_1)
  (net 28 RLED_1)
  (net 29 /XIN)
  (net 30 /XOUT)
  (net 31 "Net-(U3-Pad35)")
  (net 32 "Net-(U3-Pad36)")
  (net 33 "Net-(U3-Pad37)")
  (net 34 "Net-(U3-Pad38)")
  (net 35 "Net-(U3-Pad39)")
  (net 36 "Net-(U3-Pad40)")
  (net 37 "Net-(U3-Pad41)")
  (net 38 "Net-(U3-Pad42)")
  (net 39 "Net-(U3-Pad44)")
  (net 40 /USBD-)
  (net 41 /USBD+)
  (net 42 "Net-(U3-Pad49)")
  (net 43 "Net-(U3-Pad50)")
  (net 44 "Net-(L1-Pad2)")
  (net 45 /FLASH_~WP)
  (net 46 /FLASH_~HOLD)
  (net 47 /FLASH_~CS)
  (net 48 /FLASH_MISO)
  (net 49 /FLASH_MOSI)
  (net 50 /FLASH_SCK)
  (net 51 /VBAT)
  (net 52 +5V)
  (net 53 "Net-(C9-Pad1)")
  (net 54 +1V8)
  (net 55 /3V_USB)
  (net 56 "Net-(C22-Pad2)")
  (net 57 "Net-(C23-Pad2)")
  (net 58 /USB_SHIELD)
  (net 59 /VREF)
  (net 60 "Net-(P1-Pad3)")
  (net 61 "Net-(P1-Pad7)")
  (net 62 "Net-(P1-Pad9)")
  (net 63 "Net-(P1-Pad8)")
  (net 64 "Net-(P1-Pad10)")
  (net 65 /5V_UART)
  (net 66 /5V_UART_RX)
  (net 67 /5V_UART_TX)
  (net 68 "Net-(P3-Pad4)")
  (net 69 "Net-(P4-Pad2)")
  (net 70 "Net-(Q1-Pad1)")
  (net 71 "Net-(D1-Pad4)")
  (net 72 "Net-(Q2-Pad1)")
  (net 73 "Net-(D1-Pad3)")
  (net 74 "Net-(D2-Pad4)")
  (net 75 "Net-(Q3-Pad1)")
  (net 76 "Net-(Q4-Pad1)")
  (net 77 "Net-(D2-Pad3)")
  (net 78 "Net-(Q5-Pad1)")
  (net 79 "Net-(D3-Pad4)")
  (net 80 "Net-(D3-Pad3)")
  (net 81 "Net-(Q6-Pad1)")
  (net 82 "Net-(Q7-Pad1)")
  (net 83 "Net-(D4-Pad4)")
  (net 84 "Net-(D4-Pad3)")
  (net 85 "Net-(Q8-Pad1)")
  (net 86 "Net-(D5-Pad4)")
  (net 87 "Net-(Q9-Pad1)")
  (net 88 "Net-(Q10-Pad1)")
  (net 89 "Net-(D5-Pad3)")
  (net 90 "Net-(D6-Pad4)")
  (net 91 "Net-(Q11-Pad1)")
  (net 92 "Net-(Q12-Pad1)")
  (net 93 "Net-(D6-Pad3)")
  (net 94 "Net-(Q13-Pad3)")
  (net 95 "Net-(D1-Pad2)")
  (net 96 "Net-(D1-Pad1)")
  (net 97 "Net-(R8-Pad1)")
  (net 98 "Net-(D2-Pad2)")
  (net 99 "Net-(D2-Pad1)")
  (net 100 "Net-(D3-Pad2)")
  (net 101 "Net-(D3-Pad1)")
  (net 102 "Net-(D4-Pad2)")
  (net 103 "Net-(D4-Pad1)")
  (net 104 "Net-(D5-Pad2)")
  (net 105 "Net-(D5-Pad1)")
  (net 106 "Net-(R35-Pad2)")
  (net 107 "Net-(R36-Pad2)")
  (net 108 "Net-(D6-Pad2)")
  (net 109 "Net-(D6-Pad1)")
  (net 110 /VREF_EN)
  (net 111 /VBUS_DET)
  (net 112 "Net-(U2-Pad9)")
  (net 113 /SPKR+)
  (net 114 /SPKR-)
  (net 115 +3V)
  (net 116 ~PB)
  (net 117 "Net-(U3-Pad13)")

  (net_class Default "This is the default net class."
    (clearance 0.1524)
    (trace_width 0.25)
    (via_dia 0.8)
    (via_drill 0.4)
    (uvia_dia 0.3)
    (uvia_drill 0.1)
    (diff_pair_gap 0.25)
    (diff_pair_width 0.2)
    (add_net +1V8)
    (add_net +3V)
    (add_net +5V)
    (add_net /3V_USB)
    (add_net /5V_UART)
    (add_net /5V_UART_RX)
    (add_net /5V_UART_TX)
    (add_net /AMP_~SHDN)
    (add_net /AOUT)
    (add_net /FLASH_MISO)
    (add_net /FLASH_MOSI)
    (add_net /FLASH_SCK)
    (add_net /FLASH_~CS)
    (add_net /FLASH_~HOLD)
    (add_net /FLASH_~WP)
    (add_net /SPKR+)
    (add_net /SPKR-)
    (add_net /UART_RX)
    (add_net /UART_TX)
    (add_net /USBD+)
    (add_net /USBD-)
    (add_net /USB_SHIELD)
    (add_net /VBAT)
    (add_net /VBUS_DET)
    (add_net /VREF)
    (add_net /VREF_EN)
    (add_net /XIN)
    (add_net /XOUT)
    (add_net GLED_1)
    (add_net GLED_2)
    (add_net GLED_3)
    (add_net GLED_4)
    (add_net GLED_5)
    (add_net GLED_6)
    (add_net GND)
    (add_net "Net-(BT1-Pad2)")
    (add_net "Net-(C22-Pad2)")
    (add_net "Net-(C23-Pad2)")
    (add_net "Net-(C9-Pad1)")
    (add_net "Net-(D1-Pad1)")
    (add_net "Net-(D1-Pad2)")
    (add_net "Net-(D1-Pad3)")
    (add_net "Net-(D1-Pad4)")
    (add_net "Net-(D2-Pad1)")
    (add_net "Net-(D2-Pad2)")
    (add_net "Net-(D2-Pad3)")
    (add_net "Net-(D2-Pad4)")
    (add_net "Net-(D3-Pad1)")
    (add_net "Net-(D3-Pad2)")
    (add_net "Net-(D3-Pad3)")
    (add_net "Net-(D3-Pad4)")
    (add_net "Net-(D4-Pad1)")
    (add_net "Net-(D4-Pad2)")
    (add_net "Net-(D4-Pad3)")
    (add_net "Net-(D4-Pad4)")
    (add_net "Net-(D5-Pad1)")
    (add_net "Net-(D5-Pad2)")
    (add_net "Net-(D5-Pad3)")
    (add_net "Net-(D5-Pad4)")
    (add_net "Net-(D6-Pad1)")
    (add_net "Net-(D6-Pad2)")
    (add_net "Net-(D6-Pad3)")
    (add_net "Net-(D6-Pad4)")
    (add_net "Net-(L1-Pad2)")
    (add_net "Net-(P1-Pad10)")
    (add_net "Net-(P1-Pad3)")
    (add_net "Net-(P1-Pad7)")
    (add_net "Net-(P1-Pad8)")
    (add_net "Net-(P1-Pad9)")
    (add_net "Net-(P3-Pad4)")
    (add_net "Net-(P4-Pad2)")
    (add_net "Net-(Q1-Pad1)")
    (add_net "Net-(Q10-Pad1)")
    (add_net "Net-(Q11-Pad1)")
    (add_net "Net-(Q12-Pad1)")
    (add_net "Net-(Q13-Pad3)")
    (add_net "Net-(Q2-Pad1)")
    (add_net "Net-(Q3-Pad1)")
    (add_net "Net-(Q4-Pad1)")
    (add_net "Net-(Q5-Pad1)")
    (add_net "Net-(Q6-Pad1)")
    (add_net "Net-(Q7-Pad1)")
    (add_net "Net-(Q8-Pad1)")
    (add_net "Net-(Q9-Pad1)")
    (add_net "Net-(R35-Pad2)")
    (add_net "Net-(R36-Pad2)")
    (add_net "Net-(R8-Pad1)")
    (add_net "Net-(U2-Pad9)")
    (add_net "Net-(U3-Pad10)")
    (add_net "Net-(U3-Pad13)")
    (add_net "Net-(U3-Pad14)")
    (add_net "Net-(U3-Pad27)")
    (add_net "Net-(U3-Pad28)")
    (add_net "Net-(U3-Pad29)")
    (add_net "Net-(U3-Pad30)")
    (add_net "Net-(U3-Pad35)")
    (add_net "Net-(U3-Pad36)")
    (add_net "Net-(U3-Pad37)")
    (add_net "Net-(U3-Pad38)")
    (add_net "Net-(U3-Pad39)")
    (add_net "Net-(U3-Pad40)")
    (add_net "Net-(U3-Pad41)")
    (add_net "Net-(U3-Pad42)")
    (add_net "Net-(U3-Pad44)")
    (add_net "Net-(U3-Pad49)")
    (add_net "Net-(U3-Pad50)")
    (add_net "Net-(U3-Pad9)")
    (add_net RLED_1)
    (add_net RLED_2)
    (add_net RLED_3)
    (add_net RLED_4)
    (add_net RLED_5)
    (add_net RLED_6)
    (add_net SWDCLK)
    (add_net SWDIO)
    (add_net ~PB)
    (add_net ~RST)
  )

  (module Mounting_Holes:MountingHole_2.2mm_M2_ISO7380 (layer F.Cu) (tedit 584A3862) (tstamp 584A3853)
    (at 127 54.6735)
    (descr "Mounting Hole 2.2mm, no annular, M2, ISO7380")
    (tags "mounting hole 2.2mm no annular m2 iso7380")
    (fp_text reference REF** (at 0 -2.75) (layer F.SilkS) hide
      (effects (font (size 1 1) (thickness 0.15)))
    )
    (fp_text value MountingHole_2.2mm_M2_ISO7380 (at 0 2.75) (layer F.Fab)
      (effects (font (size 1 1) (thickness 0.15)))
    )
    (fp_circle (center 0 0) (end 2 0) (layer F.CrtYd) (width 0.05))
    (fp_circle (center 0 0) (end 1.75 0) (layer Cmts.User) (width 0.15))
    (pad 1 np_thru_hole circle (at 0 0) (size 2.2 2.2) (drill 2.2) (layers *.Cu *.Mask F.SilkS))
  )

  (module Capacitors_SMD:C_1206 (layer B.Cu) (tedit 5415D7BD) (tstamp 584504C9)
    (at 112.522 83.058 270)
    (descr "Capacitor SMD 1206, reflow soldering, AVX (see smccp.pdf)")
    (tags "capacitor 1206")
    (path /5842BF56)
    (attr smd)
    (fp_text reference C17 (at 0 -2.032 270) (layer B.SilkS)
      (effects (font (size 1 1) (thickness 0.15)) (justify mirror))
    )
    (fp_text value 10uF (at 0 -2.3 270) (layer B.Fab)
      (effects (font (size 1 1) (thickness 0.15)) (justify mirror))
    )
    (fp_line (start -1 -1.025) (end 1 -1.025) (layer B.SilkS) (width 0.15))
    (fp_line (start 1 1.025) (end -1 1.025) (layer B.SilkS) (width 0.15))
    (fp_line (start 2.3 1.15) (end 2.3 -1.15) (layer B.CrtYd) (width 0.05))
    (fp_line (start -2.3 1.15) (end -2.3 -1.15) (layer B.CrtYd) (width 0.05))
    (fp_line (start -2.3 -1.15) (end 2.3 -1.15) (layer B.CrtYd) (width 0.05))
    (fp_line (start -2.3 1.15) (end 2.3 1.15) (layer B.CrtYd) (width 0.05))
    (pad 2 smd rect (at 1.5 0 270) (size 1 1.6) (layers B.Cu B.Paste B.Mask)
      (net 1 GND))
    (pad 1 smd rect (at -1.5 0 270) (size 1 1.6) (layers B.Cu B.Paste B.Mask)
      (net 115 +3V))
    (model Capacitors_SMD.3dshapes/C_1206.wrl
      (at (xyz 0 0 0))
      (scale (xyz 1 1 1))
      (rotate (xyz 0 0 0))
    )
  )

  (module Capacitors_SMD:C_0603 (layer B.Cu) (tedit 5415D631) (tstamp 58461AC2)
    (at 101.219 122.936 270)
    (descr "Capacitor SMD 0603, reflow soldering, AVX (see smccp.pdf)")
    (tags "capacitor 0603")
    (path /5847ECE3)
    (attr smd)
    (fp_text reference R46 (at 0 -1.397 270) (layer B.SilkS)
      (effects (font (size 1 1) (thickness 0.15)) (justify mirror))
    )
    (fp_text value 10k (at 0 -1.9 270) (layer B.Fab)
      (effects (font (size 1 1) (thickness 0.15)) (justify mirror))
    )
    (fp_line (start -1.45 0.75) (end 1.45 0.75) (layer B.CrtYd) (width 0.05))
    (fp_line (start -1.45 -0.75) (end 1.45 -0.75) (layer B.CrtYd) (width 0.05))
    (fp_line (start -1.45 0.75) (end -1.45 -0.75) (layer B.CrtYd) (width 0.05))
    (fp_line (start 1.45 0.75) (end 1.45 -0.75) (layer B.CrtYd) (width 0.05))
    (fp_line (start -0.35 0.6) (end 0.35 0.6) (layer B.SilkS) (width 0.15))
    (fp_line (start 0.35 -0.6) (end -0.35 -0.6) (layer B.SilkS) (width 0.15))
    (pad 1 smd rect (at -0.75 0 270) (size 0.8 0.75) (layers B.Cu B.Paste B.Mask)
      (net 110 /VREF_EN))
    (pad 2 smd rect (at 0.75 0 270) (size 0.8 0.75) (layers B.Cu B.Paste B.Mask)
      (net 1 GND))
    (model Capacitors_SMD.3dshapes/C_0603.wrl
      (at (xyz 0 0 0))
      (scale (xyz 1 1 1))
      (rotate (xyz 0 0 0))
    )
  )

  (module FritzLib:DUAL_AAA_HOLDER (layer B.Cu) (tedit 584471B6) (tstamp 58447557)
    (at 127.254 67.31 270)
    (path /58448E3C)
    (fp_text reference BT1 (at 5.5 12.5 270) (layer B.SilkS)
      (effects (font (size 1 1) (thickness 0.15)) (justify mirror))
    )
    (fp_text value 2xAAA (at 30.5 0 270) (layer B.Fab)
      (effects (font (size 1 1) (thickness 0.15)) (justify mirror))
    )
    (fp_line (start 3.5687 -11.1125) (end 57.9247 -11.1125) (layer B.SilkS) (width 0.254))
    (fp_line (start 3.5687 11.1125) (end 3.5687 -11.1125) (layer B.SilkS) (width 0.254))
    (fp_line (start 57.9247 11.1125) (end 57.9247 -11.1125) (layer B.SilkS) (width 0.254))
    (fp_line (start 3.5687 11.1125) (end 57.9247 11.1125) (layer B.SilkS) (width 0.254))
    (fp_text user - (at 10 5.5 270) (layer B.SilkS)
      (effects (font (size 2.54 2.54) (thickness 0.254)) (justify mirror))
    )
    (fp_text user + (at 10 -5.5 270) (layer B.SilkS)
      (effects (font (size 2.54 2.54) (thickness 0.254)) (justify mirror))
    )
    (fp_text user + (at 51.5 5.5 270) (layer B.SilkS)
      (effects (font (size 2.54 2.54) (thickness 0.254)) (justify mirror))
    )
    (fp_text user - (at 51.5 -5.5 270) (layer B.SilkS)
      (effects (font (size 2.54 2.54) (thickness 0.254)) (justify mirror))
    )
    (pad 1 smd rect (at 3.175 5.461 270) (size 6.35 5.08) (layers B.Cu B.Paste B.Mask)
      (net 1 GND))
    (pad 4 smd rect (at 3.175 -5.461 270) (size 6.35 5.08) (layers B.Cu B.Paste B.Mask)
      (net 51 /VBAT))
    (pad 2 smd rect (at 58.3184 5.461 270) (size 6.35 5.08) (layers B.Cu B.Paste B.Mask)
      (net 2 "Net-(BT1-Pad2)"))
    (pad 3 smd rect (at 58.3184 -5.461 270) (size 6.35 5.08) (layers B.Cu B.Paste B.Mask)
      (net 2 "Net-(BT1-Pad2)"))
    (pad "" np_thru_hole circle (at 6.35 10.0838 270) (size 1.9812 1.9812) (drill 1.9812) (layers *.Cu *.Mask))
  )

  (module Housings_DFN_QFN:QFN-64-1EP_9x9mm_Pitch0.5mm (layer B.Cu) (tedit 54130A77) (tstamp 5844E16A)
    (at 103.47525 113.12725 90)
    (descr "64-Lead Plastic Quad Flat, No Lead Package (MR) - 9x9x0.9 mm Body [QFN]; (see Microchip Packaging Specification 00000049BS.pdf)")
    (tags "QFN 0.5")
    (path /5844DC7C)
    (attr smd)
    (fp_text reference U3 (at -6.25275 4.60175 90) (layer B.SilkS)
      (effects (font (size 1 1) (thickness 0.15)) (justify mirror))
    )
    (fp_text value ATSAML21J (at 0 -5.875 90) (layer B.Fab)
      (effects (font (size 1 1) (thickness 0.15)) (justify mirror))
    )
    (fp_line (start 4.7 4.7) (end 4.125 4.7) (layer B.SilkS) (width 0.15))
    (fp_line (start 4.7 -4.7) (end 4.125 -4.7) (layer B.SilkS) (width 0.15))
    (fp_line (start -4.7 -4.7) (end -4.125 -4.7) (layer B.SilkS) (width 0.15))
    (fp_line (start -4.7 4.7) (end -4.125 4.7) (layer B.SilkS) (width 0.15))
    (fp_line (start 4.7 -4.7) (end 4.7 -4.125) (layer B.SilkS) (width 0.15))
    (fp_line (start -4.7 -4.7) (end -4.7 -4.125) (layer B.SilkS) (width 0.15))
    (fp_line (start 4.7 4.7) (end 4.7 4.125) (layer B.SilkS) (width 0.15))
    (fp_line (start -5.15 -5.15) (end 5.15 -5.15) (layer B.CrtYd) (width 0.05))
    (fp_line (start -5.15 5.15) (end 5.15 5.15) (layer B.CrtYd) (width 0.05))
    (fp_line (start 5.15 5.15) (end 5.15 -5.15) (layer B.CrtYd) (width 0.05))
    (fp_line (start -5.15 5.15) (end -5.15 -5.15) (layer B.CrtYd) (width 0.05))
    (pad 65 smd rect (at -2.75625 2.75625 90) (size 1.8375 1.8375) (layers B.Cu B.Paste B.Mask)
      (solder_paste_margin_ratio -0.2))
    (pad 65 smd rect (at -2.75625 0.91875 90) (size 1.8375 1.8375) (layers B.Cu B.Paste B.Mask)
      (solder_paste_margin_ratio -0.2))
    (pad 65 smd rect (at -2.75625 -0.91875 90) (size 1.8375 1.8375) (layers B.Cu B.Paste B.Mask)
      (solder_paste_margin_ratio -0.2))
    (pad 65 smd rect (at -2.75625 -2.75625 90) (size 1.8375 1.8375) (layers B.Cu B.Paste B.Mask)
      (solder_paste_margin_ratio -0.2))
    (pad 65 smd rect (at -0.91875 2.75625 90) (size 1.8375 1.8375) (layers B.Cu B.Paste B.Mask)
      (solder_paste_margin_ratio -0.2))
    (pad 65 smd rect (at -0.91875 0.91875 90) (size 1.8375 1.8375) (layers B.Cu B.Paste B.Mask)
      (solder_paste_margin_ratio -0.2))
    (pad 65 smd rect (at -0.91875 -0.91875 90) (size 1.8375 1.8375) (layers B.Cu B.Paste B.Mask)
      (solder_paste_margin_ratio -0.2))
    (pad 65 smd rect (at -0.91875 -2.75625 90) (size 1.8375 1.8375) (layers B.Cu B.Paste B.Mask)
      (solder_paste_margin_ratio -0.2))
    (pad 65 smd rect (at 0.91875 2.75625 90) (size 1.8375 1.8375) (layers B.Cu B.Paste B.Mask)
      (solder_paste_margin_ratio -0.2))
    (pad 65 smd rect (at 0.91875 0.91875 90) (size 1.8375 1.8375) (layers B.Cu B.Paste B.Mask)
      (solder_paste_margin_ratio -0.2))
    (pad 65 smd rect (at 0.91875 -0.91875 90) (size 1.8375 1.8375) (layers B.Cu B.Paste B.Mask)
      (solder_paste_margin_ratio -0.2))
    (pad 65 smd rect (at 0.91875 -2.75625 90) (size 1.8375 1.8375) (layers B.Cu B.Paste B.Mask)
      (solder_paste_margin_ratio -0.2))
    (pad 65 smd rect (at 2.75625 2.75625 90) (size 1.8375 1.8375) (layers B.Cu B.Paste B.Mask)
      (solder_paste_margin_ratio -0.2))
    (pad 65 smd rect (at 2.75625 0.91875 90) (size 1.8375 1.8375) (layers B.Cu B.Paste B.Mask)
      (solder_paste_margin_ratio -0.2))
    (pad 65 smd rect (at 2.75625 -0.91875 90) (size 1.8375 1.8375) (layers B.Cu B.Paste B.Mask)
      (solder_paste_margin_ratio -0.2))
    (pad 65 smd rect (at 2.75625 -2.75625 90) (size 1.8375 1.8375) (layers B.Cu B.Paste B.Mask)
      (solder_paste_margin_ratio -0.2))
    (pad 64 smd rect (at -3.75 4.45) (size 0.85 0.3) (layers B.Cu B.Paste B.Mask)
      (net 50 /FLASH_SCK))
    (pad 63 smd rect (at -3.25 4.45) (size 0.85 0.3) (layers B.Cu B.Paste B.Mask)
      (net 49 /FLASH_MOSI))
    (pad 62 smd rect (at -2.75 4.45) (size 0.85 0.3) (layers B.Cu B.Paste B.Mask)
      (net 48 /FLASH_MISO))
    (pad 61 smd rect (at -2.25 4.45) (size 0.85 0.3) (layers B.Cu B.Paste B.Mask)
      (net 47 /FLASH_~CS))
    (pad 60 smd rect (at -1.75 4.45) (size 0.85 0.3) (layers B.Cu B.Paste B.Mask)
      (net 46 /FLASH_~HOLD))
    (pad 59 smd rect (at -1.25 4.45) (size 0.85 0.3) (layers B.Cu B.Paste B.Mask)
      (net 45 /FLASH_~WP))
    (pad 58 smd rect (at -0.75 4.45) (size 0.85 0.3) (layers B.Cu B.Paste B.Mask)
      (net 12 SWDIO))
    (pad 57 smd rect (at -0.25 4.45) (size 0.85 0.3) (layers B.Cu B.Paste B.Mask)
      (net 11 SWDCLK))
    (pad 56 smd rect (at 0.25 4.45) (size 0.85 0.3) (layers B.Cu B.Paste B.Mask)
      (net 115 +3V))
    (pad 55 smd rect (at 0.75 4.45) (size 0.85 0.3) (layers B.Cu B.Paste B.Mask)
      (net 44 "Net-(L1-Pad2)"))
    (pad 54 smd rect (at 1.25 4.45) (size 0.85 0.3) (layers B.Cu B.Paste B.Mask)
      (net 1 GND))
    (pad 53 smd rect (at 1.75 4.45) (size 0.85 0.3) (layers B.Cu B.Paste B.Mask)
      (net 54 +1V8))
    (pad 52 smd rect (at 2.25 4.45) (size 0.85 0.3) (layers B.Cu B.Paste B.Mask)
      (net 6 ~RST))
    (pad 51 smd rect (at 2.75 4.45) (size 0.85 0.3) (layers B.Cu B.Paste B.Mask)
      (net 116 ~PB))
    (pad 50 smd rect (at 3.25 4.45) (size 0.85 0.3) (layers B.Cu B.Paste B.Mask)
      (net 43 "Net-(U3-Pad50)"))
    (pad 49 smd rect (at 3.75 4.45) (size 0.85 0.3) (layers B.Cu B.Paste B.Mask)
      (net 42 "Net-(U3-Pad49)"))
    (pad 48 smd rect (at 4.45 3.75 90) (size 0.85 0.3) (layers B.Cu B.Paste B.Mask)
      (net 115 +3V))
    (pad 47 smd rect (at 4.45 3.25 90) (size 0.85 0.3) (layers B.Cu B.Paste B.Mask)
      (net 1 GND))
    (pad 46 smd rect (at 4.45 2.75 90) (size 0.85 0.3) (layers B.Cu B.Paste B.Mask)
      (net 41 /USBD+))
    (pad 45 smd rect (at 4.45 2.25 90) (size 0.85 0.3) (layers B.Cu B.Paste B.Mask)
      (net 40 /USBD-))
    (pad 44 smd rect (at 4.45 1.75 90) (size 0.85 0.3) (layers B.Cu B.Paste B.Mask)
      (net 39 "Net-(U3-Pad44)"))
    (pad 43 smd rect (at 4.45 1.25 90) (size 0.85 0.3) (layers B.Cu B.Paste B.Mask)
      (net 111 /VBUS_DET))
    (pad 42 smd rect (at 4.45 0.75 90) (size 0.85 0.3) (layers B.Cu B.Paste B.Mask)
      (net 38 "Net-(U3-Pad42)"))
    (pad 41 smd rect (at 4.45 0.25 90) (size 0.85 0.3) (layers B.Cu B.Paste B.Mask)
      (net 37 "Net-(U3-Pad41)"))
    (pad 40 smd rect (at 4.45 -0.25 90) (size 0.85 0.3) (layers B.Cu B.Paste B.Mask)
      (net 36 "Net-(U3-Pad40)"))
    (pad 39 smd rect (at 4.45 -0.75 90) (size 0.85 0.3) (layers B.Cu B.Paste B.Mask)
      (net 35 "Net-(U3-Pad39)"))
    (pad 38 smd rect (at 4.45 -1.25 90) (size 0.85 0.3) (layers B.Cu B.Paste B.Mask)
      (net 34 "Net-(U3-Pad38)"))
    (pad 37 smd rect (at 4.45 -1.75 90) (size 0.85 0.3) (layers B.Cu B.Paste B.Mask)
      (net 33 "Net-(U3-Pad37)"))
    (pad 36 smd rect (at 4.45 -2.25 90) (size 0.85 0.3) (layers B.Cu B.Paste B.Mask)
      (net 32 "Net-(U3-Pad36)"))
    (pad 35 smd rect (at 4.45 -2.75 90) (size 0.85 0.3) (layers B.Cu B.Paste B.Mask)
      (net 31 "Net-(U3-Pad35)"))
    (pad 34 smd rect (at 4.45 -3.25 90) (size 0.85 0.3) (layers B.Cu B.Paste B.Mask)
      (net 115 +3V))
    (pad 33 smd rect (at 4.45 -3.75 90) (size 0.85 0.3) (layers B.Cu B.Paste B.Mask)
      (net 1 GND))
    (pad 32 smd rect (at 3.75 -4.45) (size 0.85 0.3) (layers B.Cu B.Paste B.Mask)
      (net 30 /XOUT))
    (pad 31 smd rect (at 3.25 -4.45) (size 0.85 0.3) (layers B.Cu B.Paste B.Mask)
      (net 29 /XIN))
    (pad 30 smd rect (at 2.75 -4.45) (size 0.85 0.3) (layers B.Cu B.Paste B.Mask)
      (net 10 "Net-(U3-Pad30)"))
    (pad 29 smd rect (at 2.25 -4.45) (size 0.85 0.3) (layers B.Cu B.Paste B.Mask)
      (net 9 "Net-(U3-Pad29)"))
    (pad 28 smd rect (at 1.75 -4.45) (size 0.85 0.3) (layers B.Cu B.Paste B.Mask)
      (net 8 "Net-(U3-Pad28)"))
    (pad 27 smd rect (at 1.25 -4.45) (size 0.85 0.3) (layers B.Cu B.Paste B.Mask)
      (net 7 "Net-(U3-Pad27)"))
    (pad 26 smd rect (at 0.75 -4.45) (size 0.85 0.3) (layers B.Cu B.Paste B.Mask)
      (net 20 RLED_5))
    (pad 25 smd rect (at 0.25 -4.45) (size 0.85 0.3) (layers B.Cu B.Paste B.Mask)
      (net 19 GLED_5))
    (pad 24 smd rect (at -0.25 -4.45) (size 0.85 0.3) (layers B.Cu B.Paste B.Mask)
      (net 18 RLED_6))
    (pad 23 smd rect (at -0.75 -4.45) (size 0.85 0.3) (layers B.Cu B.Paste B.Mask)
      (net 17 GLED_6))
    (pad 22 smd rect (at -1.25 -4.45) (size 0.85 0.3) (layers B.Cu B.Paste B.Mask)
      (net 1 GND))
    (pad 21 smd rect (at -1.75 -4.45) (size 0.85 0.3) (layers B.Cu B.Paste B.Mask)
      (net 115 +3V))
    (pad 20 smd rect (at -2.25 -4.45) (size 0.85 0.3) (layers B.Cu B.Paste B.Mask)
      (net 22 RLED_4))
    (pad 19 smd rect (at -2.75 -4.45) (size 0.85 0.3) (layers B.Cu B.Paste B.Mask)
      (net 21 GLED_4))
    (pad 18 smd rect (at -3.25 -4.45) (size 0.85 0.3) (layers B.Cu B.Paste B.Mask)
      (net 24 RLED_3))
    (pad 17 smd rect (at -3.75 -4.45) (size 0.85 0.3) (layers B.Cu B.Paste B.Mask)
      (net 23 GLED_3))
    (pad 16 smd rect (at -4.45 -3.75 90) (size 0.85 0.3) (layers B.Cu B.Paste B.Mask)
      (net 28 RLED_1))
    (pad 15 smd rect (at -4.45 -3.25 90) (size 0.85 0.3) (layers B.Cu B.Paste B.Mask)
      (net 27 GLED_1))
    (pad 14 smd rect (at -4.45 -2.75 90) (size 0.85 0.3) (layers B.Cu B.Paste B.Mask)
      (net 5 "Net-(U3-Pad14)"))
    (pad 13 smd rect (at -4.45 -2.25 90) (size 0.85 0.3) (layers B.Cu B.Paste B.Mask)
      (net 117 "Net-(U3-Pad13)"))
    (pad 12 smd rect (at -4.45 -1.75 90) (size 0.85 0.3) (layers B.Cu B.Paste B.Mask)
      (net 26 RLED_2))
    (pad 11 smd rect (at -4.45 -1.25 90) (size 0.85 0.3) (layers B.Cu B.Paste B.Mask)
      (net 25 GLED_2))
    (pad 10 smd rect (at -4.45 -0.75 90) (size 0.85 0.3) (layers B.Cu B.Paste B.Mask)
      (net 4 "Net-(U3-Pad10)"))
    (pad 9 smd rect (at -4.45 -0.25 90) (size 0.85 0.3) (layers B.Cu B.Paste B.Mask)
      (net 3 "Net-(U3-Pad9)"))
    (pad 8 smd rect (at -4.45 0.25 90) (size 0.85 0.3) (layers B.Cu B.Paste B.Mask)
      (net 115 +3V))
    (pad 7 smd rect (at -4.45 0.75 90) (size 0.85 0.3) (layers B.Cu B.Paste B.Mask)
      (net 1 GND))
    (pad 6 smd rect (at -4.45 1.25 90) (size 0.85 0.3) (layers B.Cu B.Paste B.Mask)
      (net 110 /VREF_EN))
    (pad 5 smd rect (at -4.45 1.75 90) (size 0.85 0.3) (layers B.Cu B.Paste B.Mask)
      (net 16 /AMP_~SHDN))
    (pad 4 smd rect (at -4.45 2.25 90) (size 0.85 0.3) (layers B.Cu B.Paste B.Mask)
      (net 59 /VREF))
    (pad 3 smd rect (at -4.45 2.75 90) (size 0.85 0.3) (layers B.Cu B.Paste B.Mask)
      (net 15 /AOUT))
    (pad 2 smd rect (at -4.45 3.25 90) (size 0.85 0.3) (layers B.Cu B.Paste B.Mask)
      (net 14 /UART_RX))
    (pad 1 smd rect (at -4.45 3.75 90) (size 0.85 0.3) (layers B.Cu B.Paste B.Mask)
      (net 13 /UART_TX))
    (model Housings_DFN_QFN.3dshapes/QFN-64-1EP_9x9mm_Pitch0.5mm.wrl
      (at (xyz 0 0 0))
      (scale (xyz 1 1 1))
      (rotate (xyz 0 0 0))
    )
  )

  (module Capacitors_SMD:C_1206 (layer B.Cu) (tedit 5415D7BD) (tstamp 58450469)
    (at 94.488 118.364 180)
    (descr "Capacitor SMD 1206, reflow soldering, AVX (see smccp.pdf)")
    (tags "capacitor 1206")
    (path /584932BC)
    (attr smd)
    (fp_text reference C1 (at 0.889 2.032 180) (layer B.SilkS)
      (effects (font (size 1 1) (thickness 0.15)) (justify mirror))
    )
    (fp_text value 10uF (at 0 -2.3 180) (layer B.Fab)
      (effects (font (size 1 1) (thickness 0.15)) (justify mirror))
    )
    (fp_line (start -2.3 1.15) (end 2.3 1.15) (layer B.CrtYd) (width 0.05))
    (fp_line (start -2.3 -1.15) (end 2.3 -1.15) (layer B.CrtYd) (width 0.05))
    (fp_line (start -2.3 1.15) (end -2.3 -1.15) (layer B.CrtYd) (width 0.05))
    (fp_line (start 2.3 1.15) (end 2.3 -1.15) (layer B.CrtYd) (width 0.05))
    (fp_line (start 1 1.025) (end -1 1.025) (layer B.SilkS) (width 0.15))
    (fp_line (start -1 -1.025) (end 1 -1.025) (layer B.SilkS) (width 0.15))
    (pad 1 smd rect (at -1.5 0 180) (size 1 1.6) (layers B.Cu B.Paste B.Mask)
      (net 115 +3V))
    (pad 2 smd rect (at 1.5 0 180) (size 1 1.6) (layers B.Cu B.Paste B.Mask)
      (net 1 GND))
    (model Capacitors_SMD.3dshapes/C_1206.wrl
      (at (xyz 0 0 0))
      (scale (xyz 1 1 1))
      (rotate (xyz 0 0 0))
    )
  )

  (module Capacitors_SMD:C_1206 (layer B.Cu) (tedit 5415D7BD) (tstamp 5845046F)
    (at 110.49 102.108 180)
    (descr "Capacitor SMD 1206, reflow soldering, AVX (see smccp.pdf)")
    (tags "capacitor 1206")
    (path /58492958)
    (attr smd)
    (fp_text reference C2 (at 0 2.3 180) (layer B.SilkS)
      (effects (font (size 1 1) (thickness 0.15)) (justify mirror))
    )
    (fp_text value 10uF (at 0 -2.3 180) (layer B.Fab)
      (effects (font (size 1 1) (thickness 0.15)) (justify mirror))
    )
    (fp_line (start -2.3 1.15) (end 2.3 1.15) (layer B.CrtYd) (width 0.05))
    (fp_line (start -2.3 -1.15) (end 2.3 -1.15) (layer B.CrtYd) (width 0.05))
    (fp_line (start -2.3 1.15) (end -2.3 -1.15) (layer B.CrtYd) (width 0.05))
    (fp_line (start 2.3 1.15) (end 2.3 -1.15) (layer B.CrtYd) (width 0.05))
    (fp_line (start 1 1.025) (end -1 1.025) (layer B.SilkS) (width 0.15))
    (fp_line (start -1 -1.025) (end 1 -1.025) (layer B.SilkS) (width 0.15))
    (pad 1 smd rect (at -1.5 0 180) (size 1 1.6) (layers B.Cu B.Paste B.Mask)
      (net 115 +3V))
    (pad 2 smd rect (at 1.5 0 180) (size 1 1.6) (layers B.Cu B.Paste B.Mask)
      (net 1 GND))
    (model Capacitors_SMD.3dshapes/C_1206.wrl
      (at (xyz 0 0 0))
      (scale (xyz 1 1 1))
      (rotate (xyz 0 0 0))
    )
  )

  (module Capacitors_SMD:C_1206 (layer B.Cu) (tedit 5415D7BD) (tstamp 58450475)
    (at 112.522 117.348 180)
    (descr "Capacitor SMD 1206, reflow soldering, AVX (see smccp.pdf)")
    (tags "capacitor 1206")
    (path /58491DB2)
    (attr smd)
    (fp_text reference C3 (at 2.921 0 270) (layer B.SilkS)
      (effects (font (size 1 1) (thickness 0.15)) (justify mirror))
    )
    (fp_text value 10uF (at 0 -2.3 180) (layer B.Fab)
      (effects (font (size 1 1) (thickness 0.15)) (justify mirror))
    )
    (fp_line (start -1 -1.025) (end 1 -1.025) (layer B.SilkS) (width 0.15))
    (fp_line (start 1 1.025) (end -1 1.025) (layer B.SilkS) (width 0.15))
    (fp_line (start 2.3 1.15) (end 2.3 -1.15) (layer B.CrtYd) (width 0.05))
    (fp_line (start -2.3 1.15) (end -2.3 -1.15) (layer B.CrtYd) (width 0.05))
    (fp_line (start -2.3 -1.15) (end 2.3 -1.15) (layer B.CrtYd) (width 0.05))
    (fp_line (start -2.3 1.15) (end 2.3 1.15) (layer B.CrtYd) (width 0.05))
    (pad 2 smd rect (at 1.5 0 180) (size 1 1.6) (layers B.Cu B.Paste B.Mask)
      (net 1 GND))
    (pad 1 smd rect (at -1.5 0 180) (size 1 1.6) (layers B.Cu B.Paste B.Mask)
      (net 115 +3V))
    (model Capacitors_SMD.3dshapes/C_1206.wrl
      (at (xyz 0 0 0))
      (scale (xyz 1 1 1))
      (rotate (xyz 0 0 0))
    )
  )

  (module Capacitors_SMD:C_0603 (layer B.Cu) (tedit 5415D631) (tstamp 5845047B)
    (at 110.998 114.3 270)
    (descr "Capacitor SMD 0603, reflow soldering, AVX (see smccp.pdf)")
    (tags "capacitor 0603")
    (path /58493476)
    (attr smd)
    (fp_text reference C4 (at 0 1.397 270) (layer B.SilkS)
      (effects (font (size 1 1) (thickness 0.15)) (justify mirror))
    )
    (fp_text value 100nF (at 0 -1.9 270) (layer B.Fab)
      (effects (font (size 1 1) (thickness 0.15)) (justify mirror))
    )
    (fp_line (start 0.35 -0.6) (end -0.35 -0.6) (layer B.SilkS) (width 0.15))
    (fp_line (start -0.35 0.6) (end 0.35 0.6) (layer B.SilkS) (width 0.15))
    (fp_line (start 1.45 0.75) (end 1.45 -0.75) (layer B.CrtYd) (width 0.05))
    (fp_line (start -1.45 0.75) (end -1.45 -0.75) (layer B.CrtYd) (width 0.05))
    (fp_line (start -1.45 -0.75) (end 1.45 -0.75) (layer B.CrtYd) (width 0.05))
    (fp_line (start -1.45 0.75) (end 1.45 0.75) (layer B.CrtYd) (width 0.05))
    (pad 2 smd rect (at 0.75 0 270) (size 0.8 0.75) (layers B.Cu B.Paste B.Mask)
      (net 1 GND))
    (pad 1 smd rect (at -0.75 0 270) (size 0.8 0.75) (layers B.Cu B.Paste B.Mask)
      (net 115 +3V))
    (model Capacitors_SMD.3dshapes/C_0603.wrl
      (at (xyz 0 0 0))
      (scale (xyz 1 1 1))
      (rotate (xyz 0 0 0))
    )
  )

  (module Capacitors_SMD:C_1206 (layer B.Cu) (tedit 5415D7BD) (tstamp 58450481)
    (at 104.394 89.916)
    (descr "Capacitor SMD 1206, reflow soldering, AVX (see smccp.pdf)")
    (tags "capacitor 1206")
    (path /5840469C)
    (attr smd)
    (fp_text reference C5 (at 3.302 0) (layer B.SilkS)
      (effects (font (size 1 1) (thickness 0.15)) (justify mirror))
    )
    (fp_text value 10uF (at 0 -2.3) (layer B.Fab)
      (effects (font (size 1 1) (thickness 0.15)) (justify mirror))
    )
    (fp_line (start -1 -1.025) (end 1 -1.025) (layer B.SilkS) (width 0.15))
    (fp_line (start 1 1.025) (end -1 1.025) (layer B.SilkS) (width 0.15))
    (fp_line (start 2.3 1.15) (end 2.3 -1.15) (layer B.CrtYd) (width 0.05))
    (fp_line (start -2.3 1.15) (end -2.3 -1.15) (layer B.CrtYd) (width 0.05))
    (fp_line (start -2.3 -1.15) (end 2.3 -1.15) (layer B.CrtYd) (width 0.05))
    (fp_line (start -2.3 1.15) (end 2.3 1.15) (layer B.CrtYd) (width 0.05))
    (pad 2 smd rect (at 1.5 0) (size 1 1.6) (layers B.Cu B.Paste B.Mask)
      (net 1 GND))
    (pad 1 smd rect (at -1.5 0) (size 1 1.6) (layers B.Cu B.Paste B.Mask)
      (net 52 +5V))
    (model Capacitors_SMD.3dshapes/C_1206.wrl
      (at (xyz 0 0 0))
      (scale (xyz 1 1 1))
      (rotate (xyz 0 0 0))
    )
  )

  (module Capacitors_SMD:C_0603 (layer B.Cu) (tedit 5415D631) (tstamp 58450487)
    (at 99.314 106.426 180)
    (descr "Capacitor SMD 0603, reflow soldering, AVX (see smccp.pdf)")
    (tags "capacitor 0603")
    (path /58493677)
    (attr smd)
    (fp_text reference C6 (at 2.667 0.889 180) (layer B.SilkS)
      (effects (font (size 1 1) (thickness 0.15)) (justify mirror))
    )
    (fp_text value 100nF (at 0 -1.9 180) (layer B.Fab)
      (effects (font (size 1 1) (thickness 0.15)) (justify mirror))
    )
    (fp_line (start -1.45 0.75) (end 1.45 0.75) (layer B.CrtYd) (width 0.05))
    (fp_line (start -1.45 -0.75) (end 1.45 -0.75) (layer B.CrtYd) (width 0.05))
    (fp_line (start -1.45 0.75) (end -1.45 -0.75) (layer B.CrtYd) (width 0.05))
    (fp_line (start 1.45 0.75) (end 1.45 -0.75) (layer B.CrtYd) (width 0.05))
    (fp_line (start -0.35 0.6) (end 0.35 0.6) (layer B.SilkS) (width 0.15))
    (fp_line (start 0.35 -0.6) (end -0.35 -0.6) (layer B.SilkS) (width 0.15))
    (pad 1 smd rect (at -0.75 0 180) (size 0.8 0.75) (layers B.Cu B.Paste B.Mask)
      (net 115 +3V))
    (pad 2 smd rect (at 0.75 0 180) (size 0.8 0.75) (layers B.Cu B.Paste B.Mask)
      (net 1 GND))
    (model Capacitors_SMD.3dshapes/C_0603.wrl
      (at (xyz 0 0 0))
      (scale (xyz 1 1 1))
      (rotate (xyz 0 0 0))
    )
  )

  (module Capacitors_SMD:C_0603 (layer B.Cu) (tedit 5415D631) (tstamp 5845048D)
    (at 144.907 86.233 180)
    (descr "Capacitor SMD 0603, reflow soldering, AVX (see smccp.pdf)")
    (tags "capacitor 0603")
    (path /58461AD9)
    (attr smd)
    (fp_text reference C7 (at 1.524 -1.778 180) (layer B.SilkS)
      (effects (font (size 1 1) (thickness 0.15)) (justify mirror))
    )
    (fp_text value 100nF (at 0 -1.9 180) (layer B.Fab)
      (effects (font (size 1 1) (thickness 0.15)) (justify mirror))
    )
    (fp_line (start -1.45 0.75) (end 1.45 0.75) (layer B.CrtYd) (width 0.05))
    (fp_line (start -1.45 -0.75) (end 1.45 -0.75) (layer B.CrtYd) (width 0.05))
    (fp_line (start -1.45 0.75) (end -1.45 -0.75) (layer B.CrtYd) (width 0.05))
    (fp_line (start 1.45 0.75) (end 1.45 -0.75) (layer B.CrtYd) (width 0.05))
    (fp_line (start -0.35 0.6) (end 0.35 0.6) (layer B.SilkS) (width 0.15))
    (fp_line (start 0.35 -0.6) (end -0.35 -0.6) (layer B.SilkS) (width 0.15))
    (pad 1 smd rect (at -0.75 0 180) (size 0.8 0.75) (layers B.Cu B.Paste B.Mask)
      (net 6 ~RST))
    (pad 2 smd rect (at 0.75 0 180) (size 0.8 0.75) (layers B.Cu B.Paste B.Mask)
      (net 1 GND))
    (model Capacitors_SMD.3dshapes/C_0603.wrl
      (at (xyz 0 0 0))
      (scale (xyz 1 1 1))
      (rotate (xyz 0 0 0))
    )
  )

  (module Capacitors_SMD:C_0603 (layer B.Cu) (tedit 5415D631) (tstamp 58450493)
    (at 101.854 120.142 180)
    (descr "Capacitor SMD 0603, reflow soldering, AVX (see smccp.pdf)")
    (tags "capacitor 0603")
    (path /584937BC)
    (attr smd)
    (fp_text reference C8 (at -2.54 0 180) (layer B.SilkS)
      (effects (font (size 1 1) (thickness 0.15)) (justify mirror))
    )
    (fp_text value 100nF (at 0 -1.9 180) (layer B.Fab)
      (effects (font (size 1 1) (thickness 0.15)) (justify mirror))
    )
    (fp_line (start -1.45 0.75) (end 1.45 0.75) (layer B.CrtYd) (width 0.05))
    (fp_line (start -1.45 -0.75) (end 1.45 -0.75) (layer B.CrtYd) (width 0.05))
    (fp_line (start -1.45 0.75) (end -1.45 -0.75) (layer B.CrtYd) (width 0.05))
    (fp_line (start 1.45 0.75) (end 1.45 -0.75) (layer B.CrtYd) (width 0.05))
    (fp_line (start -0.35 0.6) (end 0.35 0.6) (layer B.SilkS) (width 0.15))
    (fp_line (start 0.35 -0.6) (end -0.35 -0.6) (layer B.SilkS) (width 0.15))
    (pad 1 smd rect (at -0.75 0 180) (size 0.8 0.75) (layers B.Cu B.Paste B.Mask)
      (net 115 +3V))
    (pad 2 smd rect (at 0.75 0 180) (size 0.8 0.75) (layers B.Cu B.Paste B.Mask)
      (net 1 GND))
    (model Capacitors_SMD.3dshapes/C_0603.wrl
      (at (xyz 0 0 0))
      (scale (xyz 1 1 1))
      (rotate (xyz 0 0 0))
    )
  )

  (module Capacitors_SMD:C_1206 (layer B.Cu) (tedit 5415D7BD) (tstamp 58450499)
    (at 100.33 86.36 270)
    (descr "Capacitor SMD 1206, reflow soldering, AVX (see smccp.pdf)")
    (tags "capacitor 1206")
    (path /58428C6C)
    (attr smd)
    (fp_text reference C9 (at 0 1.905 270) (layer B.SilkS)
      (effects (font (size 1 1) (thickness 0.15)) (justify mirror))
    )
    (fp_text value 10nF (at 0 -2.3 270) (layer B.Fab)
      (effects (font (size 1 1) (thickness 0.15)) (justify mirror))
    )
    (fp_line (start -2.3 1.15) (end 2.3 1.15) (layer B.CrtYd) (width 0.05))
    (fp_line (start -2.3 -1.15) (end 2.3 -1.15) (layer B.CrtYd) (width 0.05))
    (fp_line (start -2.3 1.15) (end -2.3 -1.15) (layer B.CrtYd) (width 0.05))
    (fp_line (start 2.3 1.15) (end 2.3 -1.15) (layer B.CrtYd) (width 0.05))
    (fp_line (start 1 1.025) (end -1 1.025) (layer B.SilkS) (width 0.15))
    (fp_line (start -1 -1.025) (end 1 -1.025) (layer B.SilkS) (width 0.15))
    (pad 1 smd rect (at -1.5 0 270) (size 1 1.6) (layers B.Cu B.Paste B.Mask)
      (net 53 "Net-(C9-Pad1)"))
    (pad 2 smd rect (at 1.5 0 270) (size 1 1.6) (layers B.Cu B.Paste B.Mask)
      (net 1 GND))
    (model Capacitors_SMD.3dshapes/C_1206.wrl
      (at (xyz 0 0 0))
      (scale (xyz 1 1 1))
      (rotate (xyz 0 0 0))
    )
  )

  (module Capacitors_SMD:C_0603 (layer B.Cu) (tedit 5415D631) (tstamp 5845049F)
    (at 107.95 105.918 90)
    (descr "Capacitor SMD 0603, reflow soldering, AVX (see smccp.pdf)")
    (tags "capacitor 0603")
    (path /58495580)
    (attr smd)
    (fp_text reference C10 (at 3.175 -0.635 270) (layer B.SilkS)
      (effects (font (size 1 1) (thickness 0.15)) (justify mirror))
    )
    (fp_text value 100nF (at 0 -1.9 90) (layer B.Fab)
      (effects (font (size 1 1) (thickness 0.15)) (justify mirror))
    )
    (fp_line (start 0.35 -0.6) (end -0.35 -0.6) (layer B.SilkS) (width 0.15))
    (fp_line (start -0.35 0.6) (end 0.35 0.6) (layer B.SilkS) (width 0.15))
    (fp_line (start 1.45 0.75) (end 1.45 -0.75) (layer B.CrtYd) (width 0.05))
    (fp_line (start -1.45 0.75) (end -1.45 -0.75) (layer B.CrtYd) (width 0.05))
    (fp_line (start -1.45 -0.75) (end 1.45 -0.75) (layer B.CrtYd) (width 0.05))
    (fp_line (start -1.45 0.75) (end 1.45 0.75) (layer B.CrtYd) (width 0.05))
    (pad 2 smd rect (at 0.75 0 90) (size 0.8 0.75) (layers B.Cu B.Paste B.Mask)
      (net 1 GND))
    (pad 1 smd rect (at -0.75 0 90) (size 0.8 0.75) (layers B.Cu B.Paste B.Mask)
      (net 115 +3V))
    (model Capacitors_SMD.3dshapes/C_0603.wrl
      (at (xyz 0 0 0))
      (scale (xyz 1 1 1))
      (rotate (xyz 0 0 0))
    )
  )

  (module Capacitors_SMD:C_0805 (layer B.Cu) (tedit 5415D6EA) (tstamp 584504A5)
    (at 112.014 111.506)
    (descr "Capacitor SMD 0805, reflow soldering, AVX (see smccp.pdf)")
    (tags "capacitor 0805")
    (path /5845B8A9)
    (attr smd)
    (fp_text reference C11 (at 3.048 0 90) (layer B.SilkS)
      (effects (font (size 1 1) (thickness 0.15)) (justify mirror))
    )
    (fp_text value 1uF (at 0 -2.1) (layer B.Fab)
      (effects (font (size 1 1) (thickness 0.15)) (justify mirror))
    )
    (fp_line (start -1.8 1) (end 1.8 1) (layer B.CrtYd) (width 0.05))
    (fp_line (start -1.8 -1) (end 1.8 -1) (layer B.CrtYd) (width 0.05))
    (fp_line (start -1.8 1) (end -1.8 -1) (layer B.CrtYd) (width 0.05))
    (fp_line (start 1.8 1) (end 1.8 -1) (layer B.CrtYd) (width 0.05))
    (fp_line (start 0.5 0.85) (end -0.5 0.85) (layer B.SilkS) (width 0.15))
    (fp_line (start -0.5 -0.85) (end 0.5 -0.85) (layer B.SilkS) (width 0.15))
    (pad 1 smd rect (at -1 0) (size 1 1.25) (layers B.Cu B.Paste B.Mask)
      (net 54 +1V8))
    (pad 2 smd rect (at 1 0) (size 1 1.25) (layers B.Cu B.Paste B.Mask)
      (net 1 GND))
    (model Capacitors_SMD.3dshapes/C_0805.wrl
      (at (xyz 0 0 0))
      (scale (xyz 1 1 1))
      (rotate (xyz 0 0 0))
    )
  )

  (module Capacitors_SMD:C_0805 (layer B.Cu) (tedit 5415D6EA) (tstamp 584504AB)
    (at 107.95 86.344 270)
    (descr "Capacitor SMD 0805, reflow soldering, AVX (see smccp.pdf)")
    (tags "capacitor 0805")
    (path /58404463)
    (attr smd)
    (fp_text reference C12 (at 0.016 -1.905 270) (layer B.SilkS)
      (effects (font (size 1 1) (thickness 0.15)) (justify mirror))
    )
    (fp_text value 1uF (at 0 -2.1 270) (layer B.Fab)
      (effects (font (size 1 1) (thickness 0.15)) (justify mirror))
    )
    (fp_line (start -1.8 1) (end 1.8 1) (layer B.CrtYd) (width 0.05))
    (fp_line (start -1.8 -1) (end 1.8 -1) (layer B.CrtYd) (width 0.05))
    (fp_line (start -1.8 1) (end -1.8 -1) (layer B.CrtYd) (width 0.05))
    (fp_line (start 1.8 1) (end 1.8 -1) (layer B.CrtYd) (width 0.05))
    (fp_line (start 0.5 0.85) (end -0.5 0.85) (layer B.SilkS) (width 0.15))
    (fp_line (start -0.5 -0.85) (end 0.5 -0.85) (layer B.SilkS) (width 0.15))
    (pad 1 smd rect (at -1 0 270) (size 1 1.25) (layers B.Cu B.Paste B.Mask)
      (net 55 /3V_USB))
    (pad 2 smd rect (at 1 0 270) (size 1 1.25) (layers B.Cu B.Paste B.Mask)
      (net 1 GND))
    (model Capacitors_SMD.3dshapes/C_0805.wrl
